Wall time,Step,Value
1524221430.653502,121,1.1758055686950684
1524221565.501314,181,1.4001142978668213
1524221968.823002,361,1.483920931816101
1524222148.110008,441,1.4692076444625854
1524222282.690815,501,1.3852672576904297
1524222506.322493,601,1.4643162488937378
1524222905.969755,781,1.4313666820526123
1524223699.824063,1141,1.3477256298065186
1524223744.013861,1161,1.2642852067947388
1524223832.228132,1201,1.3257508277893066
1524224316.736828,1421,1.3307926654815674
1524224846.095763,1661,1.25326669216156
1524224890.026323,1681,1.2224090099334717
1524225065.901074,1761,1.1853455305099487
1524225198.005636,1821,1.245707631111145
1524225242.011935,1841,1.177592158317566
1524225859.007788,2121,1.2239971160888672
1524225946.832697,2161,1.148888349533081
1524226784.383238,2541,1.2344037294387817
1524226916.331516,2601,1.0612592697143555
1524227048.411807,2661,1.1401259899139404
1524227092.387725,2681,1.0564733743667603
1524227488.80018,2861,1.0523046255111694
1524228722.295756,3421,0.982539713382721
1524228898.41907,3501,1.0685499906539917
1524228942.415735,3521,1.0966598987579346
1524229382.940276,3721,0.9814316630363464
1524229515.255666,3781,0.9860256910324097
1524229735.331018,3881,0.9728609323501587
1524229779.22104,3901,0.9631953239440918
1524230703.382095,4321,1.011621356010437
1524230880.234657,4401,0.93177330493927
1524230924.243392,4421,0.9087077975273132
1524231056.311618,4481,0.9410912990570068
1524231100.346238,4501,0.9530034065246582
1524231320.842032,4601,0.935019314289093
1524231585.118372,4721,0.892936110496521
1524231629.158197,4741,0.848125159740448
1524231673.168975,4761,0.9433659315109253
1524232113.743026,4961,0.9223518371582031
1524232872.269371,5301,0.8961917161941528
1524233357.787492,5521,0.9001362323760986
1524234106.786016,5861,0.8083892464637756
1524234326.890711,5961,0.8367881774902344
1524234458.917442,6021,0.8453161716461182
1524234547.263499,6061,0.8949836492538452
1524235076.126746,6301,0.7937972545623779
1524235693.080055,6581,0.8397243022918701
1524235825.225464,6641,0.7730656862258911
1524236266.279682,6841,0.8101063966751099
1524236442.744957,6921,0.7591894268989563
1524236574.703719,6981,0.7536160349845886
1524236971.662036,7161,0.824631929397583
1524237103.866337,7221,0.8475165367126465
1524237368.228165,7341,0.7403589487075806
1524237412.399651,7361,0.8026199340820312
1524237456.692792,7381,0.768470287322998
1524237589.137794,7441,0.7706287503242493
1524237765.975737,7521,0.7758565545082092
1524237990.045794,7621,0.76591956615448
1524238167.914502,7701,0.8086174130439758
1524238213.214067,7721,0.7407686710357666
1524238742.364917,7961,0.7761956453323364
1524238962.635613,8061,0.772676944732666
1524239271.041613,8201,0.7481924295425415
1524239359.119325,8241,0.7700966000556946
1524239976.301121,8521,0.7476739883422852
1524240240.897131,8641,0.7734799981117249
1524240372.789596,8701,0.8169866800308228
1524240548.971838,8781,0.7751865386962891
1524240901.173857,8941,0.699256956577301
1524241297.854103,9121,0.7761648893356323
1524242972.21515,9881,0.7130669951438904
1524243554.661622,10141,0.7223684787750244
1524243818.775686,10261,0.7261504530906677
1524243862.80855,10281,0.7378366589546204
1524243906.914845,10301,0.7249365448951721
1524244039.139839,10361,0.7006024122238159
1524244303.934575,10481,0.7027610540390015
1524244347.951039,10501,0.6938587427139282
1524244656.72657,10641,0.6939772367477417
1524245008.899581,10801,0.6780539155006409
1524245493.779903,11021,0.7093316316604614
1524245537.800272,11041,0.7236040830612183
1524245581.785056,11061,0.700502872467041
1524245625.883583,11081,0.703982412815094
1524246066.547443,11281,0.6947861909866333
1524246418.866495,11441,0.7103326916694641
1524246506.965566,11481,0.6892588138580322
1524246639.26409,11541,0.7435646653175354
1524246683.316744,11561,0.6940736770629883
1524246815.28327,11621,0.6563084721565247
1524247079.900342,11741,0.6689382195472717
1524247168.054404,11781,0.6741875410079956
1524247344.58462,11861,0.6751387119293213
1524247785.247092,12061,0.7007867097854614
1524247917.579853,12121,0.6838582754135132
1524248181.918833,12241,0.6876774430274963
1524248313.7498,12301,0.6394332647323608
1524248931.605481,12581,0.6618019342422485
1524249328.902358,12761,0.6812670826911926
1524249593.546608,12881,0.7061362266540527
1524249858.085039,13001,0.6761178374290466
1524249946.294327,13041,0.6419501304626465
1524250210.471658,13161,0.6828266978263855
1524250298.678032,13201,0.650304913520813
1524250342.685635,13221,0.6516159176826477
1524250474.852411,13281,0.6701433658599854
1524250695.296012,13381,0.6794564723968506
1524250827.879766,13441,0.7082303166389465
1524251180.853998,13601,0.6943941712379456
1524251621.982123,13801,0.6616722941398621
1524251712.94428,13841,0.6501818895339966
1524251944.636687,13941,0.649641215801239
1524252130.044669,14021,0.6960993409156799
1524252453.8247,14161,0.7026253342628479
1524254080.45965,14861,0.6703268885612488
1524254219.983891,14921,0.6487210988998413
1524254508.747965,15041,0.6648621559143066
1524254741.089479,15141,0.6614516973495483
1524254834.029658,15181,0.655468761920929
1524254926.877322,15221,0.6705161929130554
1524255019.94703,15261,0.6659713983535767
1524255298.599632,15381,0.6450461149215698
1524255484.31609,15461,0.6409988403320312
1524256274.552405,15801,0.6450798511505127
1524256321.34288,15821,0.6603093147277832
1524256460.814746,15881,0.6566330790519714
1524256692.651876,15981,0.6461477279663086
1524256738.848294,16001,0.6580459475517273
1524257202.966461,16201,0.6527770757675171
1524257434.977293,16301,0.627348005771637
1524257481.600489,16321,0.6607644557952881
1524257667.516227,16401,0.6398538947105408
1524257760.18364,16441,0.6295912265777588
1524257992.8572,16541,0.6534714698791504
1524258085.867564,16581,0.6433396935462952
1524258225.589141,16641,0.6615613698959351
1524258690.233646,16841,0.6142901182174683
1524259062.117713,17001,0.6454855799674988
1524259108.274669,17021,0.629785418510437
1524259340.808586,17121,0.6426589488983154
1524259573.038967,17221,0.6616774797439575
1524259851.969308,17341,0.6431748867034912
1524259898.170247,17361,0.6508157849311829
1524260083.648745,17441,0.6121960878372192
1524260315.530561,17541,0.6288517117500305
1524260640.641407,17681,0.6514831185340881
1524260686.956723,17701,0.6578608155250549
1524260779.675046,17741,0.6455259919166565
1524260872.548249,17781,0.6180659532546997
1524261476.295769,18041,0.6274151802062988
1524261522.7221,18061,0.6498661637306213
1524261615.556176,18101,0.6451995372772217
1524262033.933209,18281,0.6436944603919983
1524262822.305841,18621,0.688676118850708
1524262868.503925,18641,0.6365981101989746
1524263007.80984,18701,0.6218376755714417
1524263286.869165,18821,0.6312398910522461
1524263379.915572,18861,0.6412889957427979
1524264864.980998,19501,0.6393046975135803
1524265004.757313,19561,0.608060359954834
1524265654.181946,19841,0.6088371872901917
1524265839.526396,19921,0.6268883943557739
1524266358.987029,20141,0.6219258904457092
1524266451.775746,20181,0.6298866271972656
1524266590.399176,20241,0.6314366459846497
1524267239.925149,20521,0.61896812915802
1524267796.158866,20761,0.6239993572235107
1524267981.292591,20841,0.6376699209213257
1524268074.027553,20881,0.6135004162788391
1524268213.088101,20941,0.6258585453033447
1524268630.888489,21121,0.5912445783615112
1524268677.65631,21141,0.6497507691383362
1524268770.418225,21181,0.6012303829193115
1524269048.345924,21301,0.6536117792129517
1524269094.797662,21321,0.6091264486312866
1524269372.793106,21441,0.6170069575309753
1524269558.558058,21521,0.6416565179824829
1524270020.905661,21721,0.610308825969696
1524270252.13462,21821,0.6156299710273743
1524272150.663633,22641,0.6137676239013672
1524272243.146124,22681,0.6153383255004883
1524272845.339856,22941,0.6312531232833862
1524273077.192472,23041,0.6197943687438965
1524273123.830695,23061,0.607963502407074
1524273216.198907,23101,0.6156240105628967
1524273308.708717,23141,0.6324264407157898
1524273679.114268,23301,0.6242969036102295
1524273864.292754,23381,0.6140128374099731
1524273910.440831,23401,0.6051730513572693
1524274189.301023,23521,0.6298691630363464
1524274605.514103,23701,0.6151270866394043
1524275067.518024,23901,0.6238718628883362
1524275391.925854,24041,0.6025879383087158
1524275809.046424,24221,0.6325750946998596
1524276040.416972,24321,0.634441614151001
1524276318.596357,24441,0.6162917017936707
1524276874.484782,24681,0.6141363978385925
1524277152.970178,24801,0.6094350814819336
1524277245.292723,24841,0.6226567625999451
1524277337.718757,24881,0.6371328830718994
1524277523.165657,24961,0.6224880218505859
1524277615.814067,25001,0.5925800800323486
1524277666.410587,25021,0.6218973398208618
1524277898.218308,25121,0.6315394639968872
1524278222.751761,25261,0.6017550230026245
1524278407.506897,25341,0.6307302713394165
1524278546.500968,25401,0.5993701815605164
1524278685.082707,25461,0.616856575012207
1524278869.597299,25541,0.6352664828300476
1524279008.636251,25601,0.6337646842002869
1524279378.858617,25761,0.6141737699508667
1524280074.934205,26061,0.6127663850784302
1524280306.138187,26161,0.5936668515205383
1524280398.748414,26201,0.6109868288040161
1524280584.011727,26281,0.6214718818664551
1524280630.182619,26301,0.623927652835846
1524281232.987581,26561,0.5982024669647217
1524281419.118749,26641,0.615251898765564
1524281465.644433,26661,0.6089166402816772
1524281933.709151,26861,0.6052369475364685
1524282454.211492,27081,0.6218101978302002
1524283540.376688,27541,0.5934554934501648
1524284756.093602,28061,0.6108817458152771
1524285220.364975,28261,0.6158495545387268
1524285266.562586,28281,0.6243242025375366
1524285312.996376,28301,0.5881783962249756
1524285452.164599,28361,0.613772988319397
1524285544.622978,28401,0.6046867370605469
1524285683.411167,28461,0.6200096011161804
1524285729.936646,28481,0.6034350395202637
1524285822.280145,28521,0.6251895427703857
1524286797.359938,28941,0.614837110042572
1524287354.32779,29181,0.5796805024147034
1524287539.74142,29261,0.5948444604873657
1524287911.907893,29421,0.613685131072998
1524288283.302961,29581,0.6092058420181274
1524288329.743016,29601,0.6203627586364746
1524288376.582138,29621,0.623822808265686
1524288655.552666,29741,0.6190382242202759
1524288841.381745,29821,0.5897570252418518
1524288934.219502,29861,0.6160920858383179
1524289824.768377,30241,0.5879001021385193
1524290242.584272,30421,0.6102733612060547
1524290707.445153,30621,0.5808537006378174
1524291218.050866,30841,0.6189332604408264
1524291310.905852,30881,0.6156793236732483
1524291357.417028,30901,0.6233794689178467
1524291404.018297,30921,0.6111999750137329
1524291589.827888,31001,0.6233435273170471
1524292797.016238,31521,0.6313710808753967
1524292889.916221,31561,0.6119437217712402
1524292936.199247,31581,0.5900170207023621
1524293214.245704,31701,0.6024115681648254
1524293818.723626,31961,0.6032471656799316
1524294005.071866,32041,0.6145461201667786
1524294748.043727,32361,0.5964140892028809
1524294840.89479,32401,0.5988940000534058
1524294887.53169,32421,0.6032842993736267
1524294980.644464,32461,0.606660008430481
1524295026.979656,32481,0.6367090940475464
1524295166.047384,32541,0.6154366135597229
1524295259.016225,32581,0.6125519275665283
1524295398.503926,32641,0.6152337789535522
1524295445.248682,32661,0.6131730675697327
1524295863.58986,32841,0.6572484970092773
1524295956.670204,32881,0.6101182103157043
1524296142.031081,32961,0.5965547561645508
1524296188.420444,32981,0.6144341230392456
1524296374.540676,33061,0.6028020977973938
1524296560.288167,33141,0.6032936573028564
1524296606.48465,33161,0.5966233611106873
1524296838.692077,33261,0.5985982418060303
1524297489.143276,33541,0.6141307353973389
1524298603.015796,34021,0.594643235206604
1524299532.26433,34421,0.6116777062416077
1524300414.907787,34801,0.605889081954956
1524300554.258789,34861,0.6154922246932983
1524300934.633083,35021,0.601241409778595
1524301260.298714,35161,0.6118306517601013
1524301724.917063,35361,0.5887423157691956
1524302050.048622,35501,0.6045411229133606
1524302235.800174,35581,0.5786965489387512
1524302421.680219,35661,0.598068356513977
1524302467.953407,35681,0.5872913002967834
1524302560.751498,35721,0.5925897359848022
1524302700.058053,35781,0.5816991329193115
1524302793.10425,35821,0.5956587791442871
1524303211.754089,36001,0.604665219783783
1524303397.67506,36081,0.6142616868019104
1524303768.643869,36241,0.614519476890564
1524303908.180908,36301,0.5910049676895142
1524304000.785052,36341,0.6094412803649902
1524304047.35713,36361,0.5963709950447083
1524304186.669338,36421,0.6200546026229858
1524304372.04424,36501,0.6076945066452026
1524304975.053109,36761,0.6053747534751892
1524305579.548647,37021,0.602364182472229
1524305672.619795,37061,0.5815575122833252
1524306276.267451,37321,0.6357743740081787
1524306322.548394,37341,0.5922083854675293
1524306555.113751,37441,0.6228214502334595
1524306787.734631,37541,0.6041654944419861
1524307298.582789,37761,0.5912766456604004
1524307484.34315,37841,0.5807596445083618
1524307901.762853,38021,0.6289655566215515
1524307948.12804,38041,0.6035297513008118
1524308040.997439,38081,0.6238116025924683
1524308134.262352,38121,0.6031944155693054
1524308274.244768,38181,0.6020992994308472
1524308831.165707,38421,0.6017192602157593
1524309062.160492,38521,0.6117126941680908
1524309434.257949,38681,0.5987014770507812
1524309620.164651,38761,0.5682036876678467
1524309898.488998,38881,0.5909011960029602
1524310223.975236,39021,0.6165246367454529
1524310456.516908,39121,0.6029467582702637
1524310781.347306,39261,0.626642107963562
1524310874.575132,39301,0.596148669719696
1524311200.323299,39441,0.6130256652832031
1524311618.23707,39621,0.5869576334953308
1524311896.591719,39741,0.6132833957672119
1524311989.135959,39781,0.6068228483200073
1524312221.702948,39881,0.6407197713851929
1524312268.119783,39901,0.593738853931427
1524313020.460326,40221,0.6077511310577393
1524313298.985992,40341,0.6033952236175537
1524313715.878846,40521,0.6081610918045044
1524314459.469066,40841,0.6138975024223328
1524314923.203811,41041,0.6299358010292053
1524315062.436818,41101,0.6185961961746216
1524315434.227929,41261,0.600239634513855
1524316084.48342,41541,0.6080559492111206
1524316362.705811,41661,0.5914188623428345
1524316548.169438,41741,0.6137986183166504
1524316734.422408,41821,0.58503657579422
1524316874.0414,41881,0.6287907361984253
1524316966.57711,41921,0.5882912278175354
1524317617.441009,42201,0.5772460699081421
1524317710.363809,42241,0.6170992255210876
1524318637.962073,42641,0.6075847744941711
1524318824.104668,42721,0.5993798971176147
1524319102.476514,42841,0.6055358052253723
1524319382.015459,42961,0.6016948223114014
1524319521.147447,43021,0.5945368409156799
1524320263.119437,43341,0.6038868427276611
1524320356.17618,43381,0.5894567966461182
1524320681.426026,43521,0.5856180191040039
1524320727.707161,43541,0.5876761078834534
1524320914.066547,43621,0.595657467842102
1524321007.605087,43661,0.6146552562713623
1524321389.247488,43821,0.6017240881919861
1524321435.80059,43841,0.604347288608551
1524321528.728776,43881,0.6022018790245056
1524321625.49012,43921,0.5863403081893921
1524321673.16958,43941,0.6112878918647766
1524322139.893859,44141,0.583622932434082
1524322560.227815,44321,0.5862634181976318
1524322887.48214,44461,0.591826856136322
1524323081.860677,44541,0.5975867509841919
1524323274.914448,44621,0.5870245099067688
1524324117.036462,44981,0.6377667188644409
1524324539.567473,45161,0.6095864772796631
1524325052.631293,45381,0.6212597489356995
1524325099.363386,45401,0.6165647506713867
1524325238.705736,45461,0.588198184967041
1524325285.087624,45481,0.6030591726303101
1524325424.690573,45541,0.5642443895339966
1524325563.928488,45601,0.597861647605896
1524325609.943604,45621,0.591428816318512
1524326120.158071,45841,0.6112043857574463
1524326213.378391,45881,0.6004757285118103
1524326864.495496,46161,0.5981264114379883
1524326910.870979,46181,0.5932700037956238
1524327096.923791,46261,0.5841348767280579
1524327236.408678,46321,0.5883418321609497
1524327654.532582,46501,0.5868510007858276
1524328258.111815,46761,0.59205162525177
1524328583.358975,46901,0.5754473805427551
1524329279.963745,47201,0.6269453167915344
1524329373.29473,47241,0.5912772417068481
1524331140.320759,48001,0.579901933670044
1524331977.865332,48361,0.5904222726821899
1524332024.398418,48381,0.5905546545982361
1524332582.068259,48621,0.5829042196273804
1524332814.492354,48721,0.6015527844429016
1524333093.590037,48841,0.6010578274726868
1524333140.044555,48861,0.6111467480659485
1524333698.507671,49101,0.5984577536582947
1524334302.679209,49361,0.6030946373939514
1524334348.919332,49381,0.5853729844093323
1524334441.844575,49421,0.607989490032196
1524334673.886941,49521,0.6298892498016357
1524334720.637064,49541,0.5963601469993591
1524334813.80426,49581,0.6118675470352173
1524335278.795939,49781,0.5568232536315918
1524336171.997391,50161,0.5963663458824158
1524336218.222911,50181,0.6103043556213379
1524336450.366667,50281,0.5803587436676025
1524336868.778515,50461,0.5804954171180725
1524337008.119945,50521,0.58367919921875
1524337472.734913,50721,0.5924179553985596
1524337566.013093,50761,0.5859858393669128
1524337751.346962,50841,0.6129259467124939
1524337937.283177,50921,0.6135033965110779
1524338075.947274,50981,0.5835689902305603
1524338261.204273,51061,0.584857165813446
1524338307.841073,51081,0.605403482913971
1524338400.44582,51121,0.5995926856994629
1524338539.692623,51181,0.5971798896789551
1524339003.617777,51381,0.5880659818649292
1524339328.60313,51521,0.598250150680542
1524339560.150621,51621,0.5806162357330322
1524339977.396111,51801,0.5966593027114868
1524340069.736428,51841,0.5911192893981934
1524340162.584603,51881,0.5844717621803284
1524340208.668738,51901,0.5993624925613403
1524340440.39268,52001,0.5895289182662964
1524340764.510366,52141,0.6107894778251648
1524341136.129983,52301,0.5793304443359375
1524341321.653679,52381,0.5946561098098755
1524341692.346527,52541,0.5822058916091919
1524342526.739014,52901,0.585067868232727
1524342805.892605,53021,0.5990918278694153
1524343408.288605,53281,0.5910826921463013
1524343500.708143,53321,0.6032266616821289
1524343593.423829,53361,0.5909603834152222
1524343872.139755,53481,0.5821464657783508
1524344288.977738,53661,0.59950852394104
1524344567.360714,53781,0.6261438131332397
1524344613.971161,53801,0.5913418531417847
1524345216.709121,54061,0.6247946619987488
1524345634.155542,54241,0.6189694404602051
1524345726.907438,54281,0.5916417837142944
1524345819.574287,54321,0.5842043161392212
1524346053.847427,54421,0.5772737264633179
1524346101.809682,54441,0.5791051983833313
1524346287.808998,54521,0.600286602973938
1524346426.654518,54581,0.5851494073867798
1524346519.865779,54621,0.5739796757698059
1524346798.482044,54741,0.6009424328804016
1524346937.900756,54801,0.5829892158508301
1524347170.223598,54901,0.5897088646888733
1524347499.018554,55041,0.5994616150856018
1524347870.6053,55201,0.5796390771865845
1524348706.98871,55561,0.6100318431854248
1524348799.599333,55601,0.6203181743621826
1524349077.938579,55721,0.5920989513397217
1524349217.261118,55781,0.5589047074317932
1524349310.064695,55821,0.6048291921615601
1524349449.514591,55881,0.5859271287918091
1524349542.057153,55921,0.5902918577194214
1524349774.284757,56021,0.5754225254058838
1524350007.563721,56121,0.6002299785614014
1524350146.870809,56181,0.5978304743766785
1524350332.118545,56261,0.5927854180335999
1524350471.233517,56321,0.599407434463501
1524350610.542507,56381,0.6269199252128601
1524350748.865891,56441,0.5589893460273743
1524351166.144893,56621,0.5862609148025513
1524351397.939188,56721,0.6028862595558167
1524351537.096073,56781,0.5677968859672546
1524351723.184365,56861,0.5610154867172241
1524352047.801798,57001,0.6026932597160339
1524352140.426896,57041,0.5947299599647522
1524352326.26363,57121,0.56910240650177
1524352558.567713,57221,0.6016513109207153
1524352604.981052,57241,0.5967573523521423
1524352790.90871,57321,0.5985991358757019
1524353068.842572,57441,0.5804593563079834
1524353300.139261,57541,0.5980664491653442
1524353393.031894,57581,0.6003655791282654
1524353718.730249,57721,0.6017482280731201
1524353997.025027,57841,0.5838069915771484
1524354042.911204,57861,0.5717712044715881
1524354089.366376,57881,0.5944844484329224
1524354181.618294,57921,0.6045551300048828
1524354413.178039,58021,0.5990487337112427
1524354691.40403,58141,0.5865973830223083
1524355387.580001,58441,0.6007307767868042
1524357335.723923,59281,0.5773874521255493
1524357521.350005,59361,0.5789079070091248
1524357660.292882,59421,0.5690759420394897
1524357753.103642,59461,0.5715539455413818
1524357938.171554,59541,0.589776337146759
1524358123.645811,59621,0.5539249181747437
1524358216.322493,59661,0.5933763980865479
1524359005.264215,60001,0.5678026676177979
1524359148.563976,60061,0.6043596267700195
1524359657.837582,60281,0.5484291315078735
1524360538.371489,60661,0.5818508267402649
1524360909.602341,60821,0.5756189227104187
1524361465.583919,61061,0.5702998042106628
1524361558.369677,61101,0.6143012642860413
1524361789.512258,61201,0.5928767919540405
1524361836.112635,61221,0.6111246943473816
1524361882.42573,61241,0.5895982384681702
1524361975.299121,61281,0.5709884166717529
1524362484.914097,61501,0.5738749504089355
1524362624.163443,61561,0.5933886170387268
1524363040.999915,61741,0.5836825370788574
1524363180.015509,61801,0.5836083889007568
1524363643.147806,62001,0.574411153793335
1524363736.094658,62041,0.5650623440742493
1524363875.452619,62101,0.6053482890129089
1524363921.533378,62121,0.5735353231430054
1524364339.708291,62301,0.5999370813369751
1524364525.421319,62381,0.5772367715835571
1524365035.477919,62601,0.5950390696525574
1524365220.619803,62681,0.6028856635093689
1524365313.445993,62721,0.5786563158035278
1524366055.336844,63041,0.5785592198371887
1524366660.133285,63301,0.5800509452819824
1524367031.056539,63461,0.5856115818023682
1524367123.865634,63501,0.5718936920166016
1524367495.030923,63661,0.5898621678352356
1524367773.116178,63781,0.5670236945152283
1524368145.40293,63941,0.566521167755127
1524368608.821847,64141,0.6153573393821716
1524368655.111173,64161,0.5823221802711487
1524369676.177935,64601,0.5978938341140747
1524369768.929402,64641,0.5654860138893127
1524370047.1581,64761,0.6015610694885254
1524370186.123643,64821,0.6000051498413086
1524370279.067892,64861,0.5983526706695557
1524370797.447088,65081,0.5963746905326843
1524371447.077763,65361,0.568794310092926
1524371772.283469,65501,0.5669852495193481
1524371865.173381,65541,0.585597813129425
1524372189.765068,65681,0.5971577763557434
1524372468.092495,65801,0.5724735856056213
1524372514.664648,65821,0.5862603783607483
1524372746.607021,65921,0.5916904807090759
1524372931.971623,66001,0.5937198400497437
1524372978.717137,66021,0.5859401226043701
1524373164.541258,66101,0.5757438540458679
1524373397.420349,66201,0.5927932262420654
1524373814.860235,66381,0.5930895209312439
1524373861.427463,66401,0.574810802936554
1524373907.679439,66421,0.585364580154419
1524374278.134008,66581,0.5664941668510437
1524374417.299873,66641,0.5802674293518066
1524374602.584118,66721,0.5708565711975098
1524374927.739087,66861,0.5801326036453247
1524375949.874542,67301,0.5658746957778931
1524376459.800173,67521,0.590569019317627
1524376552.806945,67561,0.5785954594612122
1524376691.535097,67621,0.5655825734138489
1524376737.906069,67641,0.5837910175323486
1524376784.705061,67661,0.5652523040771484
1524377573.189405,68001,0.5996322631835938
1524377897.473129,68141,0.5900757908821106
1524378128.95892,68241,0.5915879607200623
1524378175.409056,68261,0.5834097862243652
1524378406.982627,68361,0.6053421497344971
1524378732.392567,68501,0.5797398090362549
1524378917.74264,68581,0.578797459602356
1524379103.216267,68661,0.6083540916442871
1524379149.885355,68681,0.5999985337257385
1524379891.867643,69001,0.5943968892097473
1524379984.652097,69041,0.579411506652832
1524380355.36672,69201,0.6031044721603394
1524380495.457513,69261,0.5979066491127014
1524380959.404788,69461,0.5808900594711304
1524381005.913781,69481,0.5631759166717529
1524381284.376717,69601,0.5721741914749146
1524381887.794056,69861,0.5832899808883667
1524381934.373609,69881,0.6237689852714539
1524382166.529895,69981,0.6128607988357544
1524382356.377188,70061,0.6054866909980774
1524382402.750274,70081,0.5924790501594543
1524382449.404224,70101,0.5929848551750183
1524382727.648224,70221,0.5892444252967834
1524383005.403574,70341,0.5874512791633606
1524383237.000846,70441,0.5898417234420776
1524384770.066407,71101,0.5801908373832703
1524384816.16586,71121,0.5740829706192017
1524385280.764895,71321,0.5985161066055298
1524385326.881703,71341,0.5639653205871582
1524385512.067799,71421,0.5792121291160583
1524385558.4761,71441,0.5955437421798706
1524385837.610548,71561,0.6116635799407959
1524386721.043342,71941,0.5832046270370483
1524386814.261091,71981,0.5979702472686768
1524387185.370193,72141,0.5743170380592346
1524387278.340059,72181,0.5948522090911865
1524387417.691589,72241,0.5939769744873047
1524387743.89861,72381,0.5621420741081238
1524387790.033984,72401,0.5936621427536011
1524388207.496201,72581,0.5518911480903625
1524388532.021153,72721,0.6049477458000183
1524388950.196027,72901,0.6191661357879639
1524389786.196966,73261,0.6180673837661743
1524389879.189671,73301,0.5944380760192871
1524390064.772112,73381,0.5836747884750366
1524390344.213225,73501,0.5885201692581177
1524390716.282783,73661,0.5778223872184753
1524391041.25267,73801,0.5887216329574585
1524391459.882118,73981,0.6040761470794678
1524392017.205964,74221,0.598639726638794
1524392667.587968,74501,0.6044915914535522
1524393366.407308,74801,0.5771229863166809
1524393552.247365,74881,0.5857641696929932
1524393598.605847,74901,0.5890505313873291
1524393783.840772,74981,0.585049033164978
1524393926.911627,75041,0.6049370169639587
1524393973.119282,75061,0.5968971252441406
1524394066.407128,75101,0.5815175771713257
1524394159.386152,75141,0.5776947736740112
1524394716.491954,75381,0.57330322265625
1524394762.781882,75401,0.5846368074417114
1524395319.944237,75641,0.5971711874008179
1524395831.014402,75861,0.5870031714439392
1524395877.251544,75881,0.5953056216239929
1524396109.865377,75981,0.5852851867675781
1524396156.569153,76001,0.5546762347221375
1524396389.227478,76101,0.576876699924469
1524396482.387558,76141,0.577917218208313
1524396946.997549,76341,0.6067074537277222
1524397318.19409,76501,0.5694551467895508
1524397829.067392,76721,0.5716832876205444
1524398154.477535,76861,0.5927338600158691
1524398387.063808,76961,0.6195102334022522
1524398433.678119,76981,0.605933666229248
1524398758.611507,77121,0.5801554322242737
1524399083.222836,77261,0.576129674911499
1524399129.960776,77281,0.5676438808441162
1524399176.276252,77301,0.5873361825942993
1524399315.536586,77361,0.6104351878166199
1524399640.470508,77501,0.5752163529396057
1524400569.563408,77901,0.5706081986427307
1524400801.309149,78001,0.5807226300239563
1524401125.574249,78141,0.6050440073013306
1524401311.538489,78221,0.5885674357414246
1524402565.578313,78761,0.5809459686279297
1524403123.707739,79001,0.5510808229446411
1524403309.80913,79081,0.5752003192901611
1524403495.51579,79161,0.5928778648376465
1524403541.862597,79181,0.5737516283988953
1524403868.757677,79321,0.5831396579742432
1524404101.406594,79421,0.57467120885849
1524404566.500802,79621,0.5807380080223083
1524405449.576979,80001,0.593500554561615
1524405593.2992,80061,0.5891435146331787
1524406430.171291,80421,0.5799841284751892
1524406709.344347,80541,0.5903329253196716
1524407128.372225,80721,0.5729795098304749
1524407780.23021,81001,0.5942431688308716
1524408059.057012,81121,0.5800670385360718
1524408245.57848,81201,0.6039472222328186
1524408291.859826,81221,0.5911497473716736
1524408338.440442,81241,0.5769504308700562
1524408570.61525,81341,0.5574357509613037
1524408989.358094,81521,0.590919017791748
1524409640.823535,81801,0.5664768218994141
1524409967.38902,81941,0.5882366895675659
1524410247.156893,82061,0.5804569721221924
1524410293.543457,82081,0.5833247303962708
1524410479.754237,82161,0.5738786458969116
1524410619.654515,82221,0.5888227820396423
1524411177.766627,82461,0.6065869331359863
1524411874.916488,82761,0.5674536824226379
1524412061.064909,82841,0.5792075991630554
1524412293.756424,82941,0.5795140266418457
1524412340.06662,82961,0.5935639142990112
1524413037.484852,83261,0.5943284630775452
1524413223.629583,83341,0.5843732953071594
1524413270.192976,83361,0.608729362487793
1524413921.352286,83641,0.5609006881713867
1524414060.672729,83701,0.5940424203872681
1524414153.771928,83741,0.5694020390510559
1524414200.555929,83761,0.5783336162567139
1524414293.255094,83801,0.5929597616195679
1524415037.726954,84121,0.594354510307312
1524415362.979383,84261,0.6184595823287964
1524416339.654018,84681,0.5672895312309265
1524416712.281172,84841,0.5875071883201599
1524416898.405509,84921,0.5898235440254211
1524417180.521711,85041,0.5659224987030029
1524417319.887974,85101,0.5862290263175964
1524417459.723384,85161,0.5893987417221069
1524417552.236257,85201,0.565681517124176
1524417598.94006,85221,0.5946421027183533
1524417785.308301,85301,0.5869300365447998
1524417878.503813,85341,0.5857977271080017
1524418064.190992,85421,0.580329418182373
1524418297.240907,85521,0.590474009513855
1524418483.534724,85601,0.5910255908966064
1524418716.727359,85701,0.5804392695426941
1524419182.403074,85901,0.5728020668029785
1524419694.306204,86121,0.5811024904251099
1524419927.236537,86221,0.5775666236877441
1524420624.94061,86521,0.5791890621185303
1524420764.448313,86581,0.5699301362037659
1524421369.099237,86841,0.5924696922302246
1524421694.214226,86981,0.592645525932312
1524421834.258004,87041,0.5619663000106812
1524422112.903778,87161,0.6147412061691284
1524422345.801211,87261,0.5825545191764832
1524423460.598381,87741,0.5843617916107178
1524424017.603417,87981,0.5764132142066956
1524424435.531261,88161,0.6012789607048035
1524425131.3149,88461,0.573642373085022
1524425177.845454,88481,0.5629577040672302
1524425224.457456,88501,0.6060045957565308
1524425503.829794,88621,0.586216390132904
1524425966.794671,88821,0.5797301530838013
1524426059.060878,88861,0.5909196138381958
1524426245.040645,88941,0.5889953970909119
1524427034.819056,89281,0.5840507745742798
1524427081.293891,89301,0.5932411551475525
1524427313.638435,89401,0.5749796628952026
1524428103.756415,89741,0.5852177143096924
1524428195.912127,89781,0.5782841444015503
1524428289.06002,89821,0.6082610487937927
1524428335.269835,89841,0.5513148307800293
1524428521.100893,89921,0.5831999182701111
1524429499.839741,90341,0.5726312398910522
1524429732.229841,90441,0.5983862280845642
1524429778.789687,90461,0.5999003648757935
1524429825.102967,90481,0.5828693509101868
1524429871.170726,90501,0.5849078297615051
1524430289.636316,90681,0.585986316204071
1524430335.998767,90701,0.5756539106369019
1524430707.442032,90861,0.6062271595001221
1524431496.706929,91201,0.5941901206970215
1524431636.15542,91261,0.575696587562561
1524431729.017539,91301,0.5889015197753906
1524431821.867423,91341,0.5997350215911865
1524431914.584217,91381,0.5563925504684448
1524432797.406496,91761,0.5715048909187317
1524433076.065757,91881,0.5589520335197449
1524433308.239369,91981,0.5931745767593384
1524433587.048583,92101,0.5913517475128174
1524433633.310705,92121,0.6057208776473999
1524433725.837048,92161,0.5856064558029175
1524433818.609618,92201,0.576460063457489
1524434561.728862,92521,0.5813953280448914
1524434934.035903,92681,0.5649306774139404
1524435119.756133,92761,0.5866968631744385
1524435212.689787,92801,0.575630247592926
1524435258.650609,92821,0.6025894284248352
1524435583.010284,92961,0.6006942391395569
1524435908.896506,93101,0.599786639213562
1524435955.316105,93121,0.5733950138092041
1524436514.337189,93361,0.6053538918495178
1524437441.890085,93761,0.5715191960334778
1524437534.803722,93801,0.5968447327613831
1524437580.862999,93821,0.5992944836616516
1524437627.412029,93841,0.5873154401779175
1524437719.95141,93881,0.6062131524085999
1524437859.367237,93941,0.5937966108322144
1524438278.267026,94121,0.5983790755271912
1524438463.974565,94201,0.5798182487487793
1524438556.96526,94241,0.5805985331535339
1524438650.084358,94281,0.5742678642272949
1524438789.582888,94341,0.5726592540740967
1524439485.550482,94641,0.6004433035850525
1524439531.904074,94661,0.5951176285743713
1524439717.755905,94741,0.6049983501434326
1524440043.17407,94881,0.5994155406951904
1524441160.531261,95361,0.6042438745498657
1524441904.194784,95681,0.5773961544036865
1524442924.397736,96121,0.5969702005386353
1524443294.855887,96281,0.5918718576431274
1524443481.164172,96361,0.5992588996887207
1524443573.757022,96401,0.6028404235839844
1524443620.307673,96421,0.5868086814880371
1524443805.704302,96501,0.5735213160514832
1524444269.258235,96701,0.583074688911438
1524444501.624205,96801,0.590682327747345
1524444919.22159,96981,0.585494875907898
1524445616.372886,97281,0.5688756704330444
1524445662.509691,97301,0.6036208271980286
1524445894.399481,97401,0.5483347177505493
1524446080.720959,97481,0.5741409063339233
1524446358.876315,97601,0.6061763167381287
1524446451.61836,97641,0.6017772555351257
1524446590.736456,97701,0.593164324760437
1524446730.300928,97761,0.5777824521064758
1524447009.265201,97881,0.573942244052887
1524447333.983081,98021,0.5620570182800293
1524447520.162969,98101,0.584283709526062
1524447890.900266,98261,0.60080486536026
1524447937.410885,98281,0.5818471312522888
1524448076.695963,98341,0.5822353363037109
1524448633.486517,98581,0.5692901611328125
1524448679.735523,98601,0.5690633058547974
1524449283.050386,98861,0.5765026211738586
1524449329.265875,98881,0.5986500978469849
1524449468.56533,98941,0.5931905508041382
1524449561.185065,98981,0.5978216528892517
1524449792.997715,99081,0.6077271699905396
1524450118.394728,99221,0.5996821522712708
1524450396.744144,99341,0.5703887343406677
1524450443.068373,99361,0.5816078186035156
1524451373.145534,99761,0.6000418066978455
1524451465.322247,99801,0.5655887126922607
1524451558.391598,99841,0.5834319591522217
1524451698.06258,99901,0.59983891248703
1524452119.178696,100081,0.5649083852767944
1524452490.055864,100241,0.6175861954689026
1524452629.430873,100301,0.5735748410224915
1524453372.587599,100621,0.5941540002822876
1524454161.686723,100961,0.5753198862075806
1524454441.060254,101081,0.5766071081161499
1524454534.052678,101121,0.567092776298523
1524454626.538567,101161,0.5780463814735413
1524454812.407343,101241,0.5799621343612671
1524454858.763701,101261,0.5641549825668335
1524455044.827682,101341,0.5722878575325012
1524455465.033959,101521,0.5946674346923828
1524455929.704692,101721,0.5722856521606445
1524456353.251741,101901,0.5853399038314819
1524456401.66528,101921,0.5708470344543457
1524456541.882604,101981,0.5783934593200684
1524457169.776457,102261,0.5878092646598816
1524457480.169926,102401,0.5611280202865601
1524457568.679649,102441,0.5857118368148804
1524457701.404446,102501,0.5719700455665588
1524458053.964316,102661,0.5746142864227295
1524458275.167426,102761,0.582348644733429
1524458673.898325,102941,0.5711624622344971
1524458762.587793,102981,0.5640383362770081
1524458850.656004,103021,0.5608144402503967
1524458895.05083,103041,0.5788808465003967
1524458983.534244,103081,0.5722326636314392
1524459248.842087,103201,0.6005752086639404
1524459337.753146,103241,0.5616697072982788
1524459426.252114,103281,0.5658139586448669
1524459470.459584,103301,0.5989927649497986
1524459560.456196,103341,0.6095457673072815
1524459829.40946,103461,0.5532211065292358
1524459873.554702,103481,0.5822164416313171
1524460496.211987,103761,0.5928525328636169
1524461116.777337,104041,0.5777662992477417
1524461293.604621,104121,0.5848917365074158
1524461426.233188,104181,0.5915987491607666
1524461470.13617,104201,0.5729802846908569
1524461867.575392,104381,0.5872923731803894
1524461956.257924,104421,0.5937813520431519
1524462221.512195,104541,0.5970501899719238
1524462442.63604,104641,0.5813579559326172
1524462663.328846,104741,0.604650616645813
1524462707.233995,104761,0.6095606088638306
1524463060.784924,104921,0.5697968006134033
1524463423.668326,105081,0.5730154514312744
1524463954.14311,105321,0.5715173482894897
1524465191.409511,105881,0.5776538848876953
1524466252.593006,106361,0.5604017972946167
1524466429.511043,106441,0.5739537477493286
1524466473.814725,106461,0.5688306093215942
1524466517.907089,106481,0.5929590463638306
1524466650.648043,106541,0.5885300636291504
1524467137.300258,106761,0.5963096022605896
1524467535.458718,106941,0.5895215272903442
1524467712.519594,107021,0.6187596321105957
1524467800.619251,107061,0.6063953638076782
1524469082.857616,107641,0.5592990517616272
1524469171.568415,107681,0.5837551355361938
1524469304.478609,107741,0.5927117466926575
1524469392.458671,107781,0.566373884677887
1524469437.08449,107801,0.5681465864181519
1524469790.70311,107961,0.5859915018081665
1524470320.922863,108201,0.6042090654373169
1524470497.511903,108281,0.5771852135658264
1524470541.636318,108301,0.5729300379753113
1524470983.320662,108501,0.5841598510742188
1524471292.310906,108641,0.5704044103622437
1524471336.723778,108661,0.5754925012588501
1524471734.611738,108841,0.5891491174697876
1524472353.404765,109121,0.5840742588043213
1524472751.00842,109301,0.6028085947036743
1524473104.566893,109461,0.5911967754364014
1524473192.49179,109501,0.5831063985824585
1524473457.678708,109621,0.5897427797317505
1524473501.881018,109641,0.588301420211792
1524473590.060144,109681,0.5945350527763367
1524474120.815756,109921,0.5974736213684082
1524474252.903327,109981,0.5886011123657227
1524474433.745908,110061,0.5805597901344299
1524475051.735786,110341,0.5947927236557007
1524475096.332581,110361,0.592806875705719
1524475361.347678,110481,0.5742182731628418
1524475759.804857,110661,0.5788279175758362
1524475891.988676,110721,0.5552957057952881
1524476113.270933,110821,0.5745856165885925
1524476422.978251,110961,0.5909057855606079
1524477041.718689,111241,0.5863670110702515
1524477306.919476,111361,0.604600191116333
1524477439.866185,111421,0.5898842811584473
1524477572.583818,111481,0.5862098336219788
1524477705.286722,111541,0.5761216878890991
1524478147.353905,111741,0.5969364047050476
1524478412.62215,111861,0.5849552154541016
1524478589.926015,111941,0.5884435772895813
1524478722.710326,112001,0.5870923399925232
1524478811.696009,112041,0.5954417586326599
1524478900.115024,112081,0.577624499797821
1524479342.748875,112281,0.5613369345664978
1524479519.649952,112361,0.6020616888999939
1524479608.178955,112401,0.556002676486969
1524479652.560218,112421,0.5885356664657593
1524479873.408427,112521,0.6025839447975159
1524480050.132307,112601,0.5664271116256714
1524480669.768197,112881,0.5737177729606628
1524480891.556548,112981,0.5691354274749756
1524480979.541044,113021,0.582322895526886
1524481112.430899,113081,0.6044997572898865
1524481201.035138,113121,0.5834474563598633
1524481510.023081,113261,0.5986247658729553
1524481554.642603,113281,0.5997912883758545
1524481863.932801,113421,0.590328574180603
1524481952.396862,113461,0.586997389793396
1524482306.138233,113621,0.576157808303833
1524482350.646618,113641,0.5863131880760193
1524482394.960301,113661,0.586476743221283
1524482571.665127,113741,0.6139326095581055
1524482837.367859,113861,0.5674406290054321
1524483057.945007,113961,0.5682166814804077
1524483234.61402,114041,0.5726706385612488
1524483411.445973,114121,0.5624973773956299
1524484870.988955,114781,0.5790160894393921
1524485180.611454,114921,0.5642408132553101
1524485357.468553,115001,0.5771798491477966
1524485405.240229,115021,0.5461999773979187
1524485715.216304,115161,0.5754087567329407
1524485803.981144,115201,0.5810158252716064
1524486025.215674,115301,0.6089915633201599
1524486423.303157,115481,0.5904137492179871
1524486732.929184,115621,0.579241931438446
1524486777.609363,115641,0.5816218852996826
1524487042.88194,115761,0.6019319891929626
1524487175.816587,115821,0.5762413144111633
1524487751.691563,116081,0.5890203714370728
1524488061.744299,116221,0.570522129535675
1524488106.155954,116241,0.5716713070869446
1524488726.52534,116521,0.604607105255127
1524489170.419179,116721,0.5736380815505981
1524489214.451419,116741,0.6012070178985596
1524489347.428869,116801,0.581814706325531
1524490897.600579,117501,0.5658103823661804
1524491296.390578,117681,0.6007446646690369
1524491429.348933,117741,0.5521818399429321
1524491473.909822,117761,0.6094445586204529
1524491917.058343,117961,0.5596817135810852
1524492447.225696,118201,0.5674677491188049
1524492713.007091,118321,0.6145159006118774
1524493686.425909,118761,0.590675950050354
1524493863.231646,118841,0.5795571208000183
1524494040.230329,118921,0.5762308835983276
1524494084.780201,118941,0.6067613363265991
1524494482.806543,119121,0.5726373791694641
1524494659.669222,119201,0.584693193435669
1524495102.557522,119401,0.5947465896606445
1524495368.117534,119521,0.56969153881073
1524495677.50013,119661,0.5859326124191284
1524496918.010178,120221,0.5562666654586792
1524497094.490086,120301,0.5745264887809753
1524497624.466177,120541,0.6266241669654846
1524497889.064356,120661,0.5918852686882019
1524498286.806258,120841,0.5887646675109863
1524498331.454303,120861,0.6086497902870178
1524498375.604574,120881,0.5844386219978333
1524498729.337382,121041,0.5943338871002197
1524499833.65549,121541,0.5889794826507568
1524499921.879401,121581,0.6079524755477905
1524500408.52008,121801,0.5702928304672241
1524500629.590944,121901,0.5928223133087158
1524500673.860533,121921,0.5847465991973877
1524501469.172153,122281,0.5684195756912231
1524501734.731922,122401,0.5904092788696289
1524501822.752442,122441,0.5588984489440918
1524502353.220697,122681,0.5862778425216675
1524502884.700275,122921,0.5925239324569702
1524502972.645352,122961,0.6052277088165283
1524503326.617464,123121,0.5823638439178467
1524503371.14876,123141,0.58404141664505
1524503591.961921,123241,0.5800301432609558
1524503636.02292,123261,0.5957843065261841
1524503724.824265,123301,0.5625408887863159
1524503901.760924,123381,0.5864218473434448
1524504432.110957,123621,0.5846277475357056
1524504697.747553,123741,0.5906966924667358
1524504962.713213,123861,0.585340142250061
1524505006.822005,123881,0.5630879998207092
1524505051.53154,123901,0.5856313705444336
1524505095.662719,123921,0.5718234181404114
1524505228.595798,123981,0.601702094078064
1524505538.524644,124121,0.5672734379768372
1524505715.611033,124201,0.5892718434333801
1524505759.715636,124221,0.5787781476974487
1524505804.180779,124241,0.5628460049629211
1524506025.46455,124341,0.5782774686813354
1524506379.133046,124501,0.565902590751648
1524506689.075749,124641,0.6019628047943115
1524506733.147123,124661,0.5701099038124084
1524506866.018442,124721,0.6116205453872681
1524508153.264688,125301,0.5738466382026672
